task1_precision:0.09033691225472047
task1_recall:0.4914400805639476
task1_f1:0.15261923377638778
task2_unb:0.3169398907103825
task2_sha:0.5808580858085809
task2_pre:0.28245363766048504
task2_aut:0.29213483146067415
task2_met:0.4559139784946237
task2_com:0.2857142857142857
task2_the:0.07285974499089254
task2_avg:0.3266963506914177
